0
156
309
453
587
707
809
891
951
987
1000
987
951
891
809
707
587
453
309
156
0
-157
-310
-454
-588
-708
-810
-892
-952
-988
-1000
-988
-952
-892
-810
-708
-588
-454
-310
-157
-1
156
309
453
587
707
809
891
951
987
1000
987
951
891
809
707
587
453
309
156
0
-157
-310
-454
-588
-708
-810
-892
-952
-988
-1000
-988
-952
-892
-810
-708
-588
-454
-310
-157
0
156
309
453
587
707
809
891
951
987
1000
987
951
891
809
707
587
453
309
156
0
-157
-310
-454
-588
-708
-810
-892
-952
-988
-1000
-988
-952
-892
-810
-708
-588
-454
-310
-157
-1